3

----------------

1
    3

----------------

    4
1
    3

----------------

    4
1
    1
        3

----------------

    4
1
        5
    1
        3

----------------

    4
        9
1
        5
    1
        3

----------------

        4
    2
        9
1
        5
    1
        3

----------------

        4
    2
        9
1
        5
    1
        3
            6

----------------

        4
    2
        9
1
        5
    3
        6

----------------

    4
        9
2
        5
    3
        6

----------------

    4
3
        9
    5
        6

----------------

    9
4
    5
        6

----------------

    9
5
    6

----------------

6
    9

----------------

9

----------------


----------------
